2
S
78
-12
1.0
-3.5
2.5
4.1
57
23
-89
63
-5
37
-68
91
-17
8
-42
6
-74
19
-53
9
-103
84
-13
28
-61
41
-20
71
-95
54
-33
2
-72
47
-8
66
-37
12
-81
35
-10
75
-50
97
-26
63
-15
58
-91
-14
77
-29
-6
92
-47
21
-102
87
-21
69
-59
4
-69
25
-44
56
-97
32
-3
80
-18
52
-75
9
-61
70
-4
44
-29
102
-36
79
-12
37
-84
64
-23
22
-103
94
-13
27
-72
53
-33
-6
-75
2
-68
34
-91
8
-14
48
-60
5
-87
92
-42
59
-97
75
-3
38
-54
103
-19
66
-65
12
-26
43
-51
85
-10
11
-49
-74
67
-57
49
-30
95
-46
41
-105
20
-79
-5
91
-40
46